328
[477-478]
326
1102
718
620
505
681
1038
[494-496]
540
547
547
1061
1080
515
516
516
606
606
681
681
681
1078
1078
[339-340]
[342-344]
[340-342]
[350-352]
1009
645
617
723
683
669
530
1012
[220-222]
526
737
420
512
231
358
358
359
359
359
360
360
360
361
361
361
362
362
364
435
435
435
352
352
353
353
353
354
354
354
355
355
355
356
356
357
357
357
626
565
606
612
224
1014
[449-451]
506
205
204
1106
1111
1088
1114
1114
1122
1122
1108
1108
1109
426
[489-490]
[479-481]
[441-442]
[425-428]
202
632
217
219
225
238
230
231
233
234
235
595
598
693
592
593
743
744
306
395
411
479
481
309
310
391
392
417
418
443
444
492
493
494
312
313
314
315
437
438
439
440
441
496
497
498
499
500
1062
738
613
627
645
717
717
617
641
643
546
1038
609
563
633
631
631
625
645
625
1042
719
719
639
1058
603
639
631
1053
1054
695
528
576
1024
1029
528
685
682
636
626
622
567
542
353
610
618
554
237
667
590
482
491
664
568
527
724
529
729
1065
1038
1063
662
1010
652
659
223
682
620
626
505
1071
576
316
1070
1040
577
1040
1001
561
1028
1036
1036
556
632
589
681
747
1028
525
1028
1025
1001
1030
505
1064
640
640
648
1024
745
1016
568
542
503
218
502
534
1091
1030
1101
526
228
694
1081
226
1133
1074
1120
227
524
1125
538
629
1008
643
632
1028
1028
575
627
440
1204
1205
1210
1212
1014
545
727
660
735
1207
1208
1220
1221
613
630
1222
570
1118
443
1007
1022
512
616
680
325
720
560
539
543
440
483
485
440
525
507
646
443
734
543
1076
683
540
542
607
607
611
573
613
1065
589
544
1022
510
1039
568
1010
610
618
570
1038
1063
630
624
1067
724
1002
1009
1015
1037
527
1021
540
543
1016
1077
539
640
1014
566
569
1030
665
689
1011
683
662
522
1016
1064
636
584
1068
1019
524
682
1011
1011
610
1003
1007
523
731
642
642
543
652
1022
622
632
547
731
636
563
542
1039
1003
1079
1002
1039
653
1068
545
583
739
612
690
1079
1002
1080
504
730
606
1003
560
1071
1108
620
1070
1069
1069
725
630
732
525
535
1012
676
517
717
556
613
676
670
662
1072
1072
620
623
1058
1074
1040
547
569
[201,216,633,1057]
1075
660
733
660
542
540
1013
526
582
730
211
730
1044
624
521
1011
1071
579
736
520
1007
1053
1013
585
554
552
666
566
1061
1112
608
679
504
510
671
679
205
1086
443
636
429
516
429
481
481
720
527
490
481
539
644
1068
490
527
567
518
608
580
332
1039
1029
648
553
500
500
1127
731
529
1127
515
345
534
617
436
590
582
504
553
682
1027
664
734
736
738
661
564
1076
632
666
1129
514
1029
607
1074
539
1009
571
609
571
609
734
1073
1054
1042
1051
1054
529
629
580
523
1040
503
546
619
1017
661
1074
1054
556
723
1070
589
523
436
436
643
1014
610
565
538
623
728
630
677
511
540
623
684
619
620
629
609
647
719
623
621
645
622
1038
554
555
621
621
583
528
590
583
1072
570
606
621
621
570
730
1018
554
637
621
735
613
623
621
660
719
544
680
603
1056
676
544
645
1054
1054
618
627
633
633
604
625
528
1032
642
569
569
577
1097
1029
1021
564
573
589
514
669
1018
448
453
452
1019
1008
1076
731
1018
1098
504
536
548
555
1079
1032
1036
521
545
729
547
652
1084
622
675
680
664
507
520
682
564
566
653
676
524
573
681
523
732
1069
739
740
538
670
1033
662
675
685
510
518
558
1024
530
1027
624
646
521
571
1088
430
675
1018
1015
637
637
637
623
637
565
617
617
607
617
624
201
675
1021
1021
675
1017
720
546
610
686
504
609
609
576
511
533
652
566
614
1045
1062
1016
1016
1023
1023
1023
216
204
204
204
236
1015
1015
1015
1019
644
309
396
394
1019
1019
209
311
1059
1058
1072
527
552
555
720
720
739
739
1030
553
203
1109
1055
1053
1052
1052
216
391
396
1103
308
623
685
1117
736
393
1104
1104
1104
1104
1104
1100
1100
1100
1100
1100
1100
1100
1100
391
385
1047
386
1044
1044
1044
387
1044
388
418
418
418
418
384
389
385
385
385
385
386
386
386
386
387
387
387
388
388
388
389
389
389
389
392
392
392
390
390
390
390
390
390
390
390
390
391
391
391
391
391
384
384
384
405
383
405
405
405
405
384
405
405
383
383
383
383
400
400
400
400
401
401
401
401
402
402
402
402
403
403
403
404
404
404
404
405
405
1057
1057
1057
1057
398
398
403
404
1033
202
398
398
398
398
399
400
401
399
402
399
399
399
665
236
411
412
412
412
412
413
413
413
413
414
414
414
415
415
415
415
396
397
397
397
397
397
397
397
397
397
397
398
398
398
398
398
1055
1052
1052
215
215
215
213
213
415
626
726
729
423
423
423
424
424
424
424
413
425
425
414
425
425
411
411
411
420
420
418
418
418
417
417
417
417
309
306
308
308
407
407
407
412
407
408
408
408
408
423
424
598
598
598
596
596
596
596
596
596
597
597
597
597
597
420
420
420
1113
1107
1107
1111
1111
1111
594
594
594
594
594
594
594
594
1097
595
595
1098
1111
591
591
593
593
593
593
595
1070
748
748
744
742
742
742
742
742
742
592
592
592
591
591
591
591
591
612
748
748
748
677
748
214
446
211
211
216
216
1090
232
423
693
693
445
232
232
232
407
408
232
1117
234
1026
1026
1026
1035
1035
1035
1117
1117
612
612
209
209
209
210
210
210
210
210
210
210
210
210
210
210
1120
1123
1104
1104
1104
1116
1104
308
208
208
208
208
208
208
208
207
207
207
207
207
207
207
209
209
209
1100
1100
1100
1047
1047
1047
307
204
327
203
203
1024
1033
1109
741
1108
224
236
236
238
217
217
219
219
220
220
231
231
229
746
230
230
230
230
692
696
233
697
234
1108
1113
1107
1106
1106
1106
1106
1106
1106
1106
1039
578
1017
1017
1052
1041
1041
1041
1090
1090
1096
1096
1096
1096
1096
1100
1101
1102
1102
1102
1102
1103
1104
1105
1110
1112
1113
685
212
212
212
212
1088
1089
1091
1090
1090
1090
1090
1090
1090
1090
1090
1092
1093
1094
1095
1095
1095
1095
1095
1095
1095
1095
1095
1095
1095
1095
1096
1096
1096
1096
1096
1096
1096
1025
1025
502
503
213
213
213
212
212
212
212
212
212
212
564
1135
1134
1134
1082
1083
1084
1085
1086
1087
1128
1130
1131
1133
1132
1132
1126
1127
1127
1128
206
206
206
206
206
207
207
1121
1122
1124
1125
1129
1126
1126
1126
1126
1126
1126
1046
1046
1046
1046
1046
1046
211
211
1115
211
206
206
206
1046
557
1045
1045
1045
1046
1046
1046
1050
1043
1043
1044
1044
1047
1047
1047
1047
1045
1045
1049
1049
1049
1049
1050
1050
1050
1050
563
1059
1059
1059
1059
1059
1059
737
1056
1056
1058
1058
1058
1058
1058
1059
1059
1059
1059
1052
1052
1041
1041
1041
1056
1056
1056
1056
1056
1056
1056
628
1022
1022
205
205
205
205
205
205
206
206
206
1024
1092
202
1093
203
203
203
203
1094
202
202
618
543
201
201
201
201
201
505
681
634
1055
1110
1055
529
1020
1020
1055
1052
213
213
213
211
211
211
214
214
214
214
214
214
214
214
214
215
215
215
215
215
215
215
215
216
216
1085
628
211
626
1051
1051
1051
1050
1050
1050
1050
1050
1050
1118
1047
1047
1047
1048
1048
1048
1048
1048
1048
1048
1048
1048
1048
1048
1049
1049
1049
1049
1049
1049
731
635
635
1051
1051
1051
1043
1043
1043
1043
1043
1043
1043
1043
1043
1044
1044
646
1034
1041
1041
1042
1057
1055
1055
1055
1055
1055
1053
1053
1053
1053
1053
1053
577
634
639
639
603
603
603
603
604
604
604
604
604
604
604
605
605
605
605
605
605
605
537
639
533
685
611
611
611
611
611
611
611
635
635
635
635
635
635
637
637
637
647
647
647
647
647
647
590
721
641
641
641
641
641
643
643
619
619
619
619
1123
633
1124
633
739
623
631
717
719
627
629
629
629
607
553
554
547
545
544
553
1105
552
555
556
557
557
552
552
535
535
548
536
537
537
535
535
581
526
525
558
560
559
559
559
559
561
561
561
561
562
562
562
562
534
534
529
528
530
531
531
531
532
532
532
533
533
538
536
581
581
573
574
574
579
575
575
578
578
577
577
576
1083
576
584
585
587
586
586
586
582
582
583
581
581
571
568
568
1082
564
566
653
653
659
659
659
572
567
567
567
565
565
1135
664
648
648
723
665
680
680
678
678
666
669
667
667
667
668
668
668
670
671
671
1037
677
677
679
679
1036
1036
1035
1035
1037
1037
1037
516
1032
1034
1034
1033
1033
1031
1031
1031
1031
1031
1032
1032
688
1066
1067
1027
1027
1025
1025
1026
1026
1030
1029
1066
1067
1066
1066
1065
1065
1069
1069
1061
1061
1062
1062
1062
1064
1064
1068
1068
1070
686
1063
1063
1061
1023
688
688
688
688
686
686
686
646
690
690
684
684
684
684
689
689
1008
1002
1002
1001
1001
1001
1003
1003
1007
1007
1130
1009
1009
1008
589
1013
1013
590
630
726
728
1010
727
727
728
728
726
646
512
724
724
729
636
725
725
1077
1078
1078
1089
740
1079
1080
1080
1080
738
738
740
740
737
739
644
734
523
733
733
735
1087
644
644
1018
522
524
634
634
642
509
624
720
1023
628
642
608
507
722
1040
618
520
1076
606
634
661
1077
1077
1078
537
740
514
517
1014
622
573
502
1114
224
1099
522
1027
